367
369
369
367
362
361
356
364
364
366
368
369
370
368
369
365
364
367
365
367
368
367
367
369
369
370
370
371
372
372
372
372
373
373
374
374
374
372
371
369
371
371
371
370
369
370
369
365
367
368
368
369
369
363
365
366
364
362
365
365
364
362
363
363
366
368
368
368
369
369
370
370
370
370
371
372
372
371
373
373
373
373
372
366
369
1023
1023
1023
1023
1023
1023
1023
1023
1023
1023
1023
1023
1023
1023
1023
1023
1023
1023
1023
1023
231
229
248
260
281
306
333
349
355
358
360
361
363
363
364
365
365
366
367
368
369
369
370
370
369
369
370
369
370
369
370
370
370
371
371
371
372
371
371
371
371
371
370
369
368
368
368
369
370
370
371
368
367
367
368
368
369
370
370
370
370
370
371
368
368
348
375
368
